10000 ; [0.         0.06346652 0.12693304 0.19039955 0.25386607 0.31733259
 0.38079911 0.44426563 0.50773215 0.57119866 0.63466518 0.6981317
 0.76159822 0.82506474 0.88853126 0.95199777 1.01546429 1.07893081
 1.14239733 1.20586385 1.26933037 1.33279688 1.3962634  1.45972992
 1.52319644 1.58666296 1.65012947 1.71359599 1.77706251 1.84052903
 1.90399555 1.96746207 2.03092858 2.0943951  2.15786162 2.22132814
 2.28479466 2.34826118 2.41172769 2.47519421 2.53866073 2.60212725
 2.66559377 2.72906028 2.7925268  2.85599332 2.91945984 2.98292636
 3.04639288 3.10985939 3.17332591 3.23679243 3.30025895 3.36372547
 3.42719199 3.4906585  3.55412502 3.61759154 3.68105806 3.74452458
 3.8079911  3.87145761 3.93492413 3.99839065 4.06185717 4.12532369
 4.1887902  4.25225672 4.31572324 4.37918976 4.44265628 4.5061228
 4.56958931 4.63305583 4.69652235 4.75998887 4.82345539 4.88692191
 4.95038842 5.01385494 5.07732146 5.14078798 5.2042545  5.26772102
 5.33118753 5.39465405 5.45812057 5.52158709 5.58505361 5.64852012
 5.71198664 5.77545316 5.83891968 5.9023862  5.96585272 6.02931923
 6.09278575 6.15625227 6.21971879 6.28318531] ; [[5034, 0, 0, 0, 0, 0, 0, 0, 0, 0, 0, 0, 0, 0, 0, 4966], [4838, 61, 64, 19, 60, 24, 13, 8, 11, 18, 19, 42, 14, 48, 46, 4715], [4584, 98, 115, 41, 98, 40, 41, 16, 16, 36, 21, 112, 44, 106, 104, 4528], [4318, 161, 153, 60, 154, 69, 66, 25, 30, 43, 55, 161, 56, 153, 159, 4337], [4151, 213, 212, 91, 193, 73, 81, 35, 35, 83, 81, 183, 64, 198, 227, 4080], [3883, 271, 276, 103, 238, 113, 103, 52, 61, 114, 83, 248, 96, 236, 259, 3864], [3609, 296, 294, 103, 313, 109, 118, 70, 66, 124, 114, 326, 116, 317, 299, 3726], [3439, 359, 363, 147, 334, 136, 129, 75, 78, 131, 158, 373, 152, 338, 351, 3437], [3239, 412, 375, 156, 380, 164, 155, 91, 81, 165, 161, 357, 156, 417, 416, 3275], [3049, 477, 446, 169, 454, 171, 162, 114, 110, 184, 188, 462, 173, 414, 408, 3019], [2804, 515, 476, 202, 491, 201, 197, 114, 103, 197, 205, 486, 188, 494, 488, 2839], [2588, 594, 506, 239, 516, 241, 205, 139, 129, 233, 211, 541, 228, 537, 507, 2586], [2395, 559, 576, 235, 566, 241, 252, 130, 146, 260, 269, 541, 244, 546, 517, 2523], [2261, 576, 575, 296, 573, 282, 267, 172, 168, 291, 267, 602, 280, 590, 634, 2166], [2011, 627, 590, 328, 652, 313, 268, 204, 183, 296, 309, 602, 305, 637, 635, 2040], [1963, 631, 646, 303, 647, 328, 347, 201, 221, 348, 322, 667, 299, 599, 625, 1853], [1751, 699, 669, 352, 667, 366, 349, 235, 208, 323, 352, 638, 344, 654, 673, 1720], [1442, 718, 688, 382, 690, 416, 374, 267, 259, 389, 400, 686, 359, 705, 677, 1548], [1325, 708, 689, 418, 691, 408, 417, 281, 291, 435, 408, 678, 460, 647, 727, 1417], [1211, 706, 681, 440, 654, 434, 453, 293, 352, 468, 463, 657, 495, 732, 697, 1264], [1089, 708, 673, 471, 674, 506, 472, 383, 382, 461, 475, 715, 495, 657, 720, 1119], [950, 673, 709, 480, 677, 538, 515, 415, 397, 547, 579, 677, 528, 683, 663, 969], [857, 701, 694, 575, 707, 560, 533, 468, 476, 505, 527, 649, 560, 716, 632, 840], [832, 639, 669, 591, 665, 555, 531, 517, 507, 603, 578, 665, 556, 666, 659, 767], [716, 624, 683, 607, 655, 606, 628, 574, 555, 586, 578, 651, 592, 627, 645, 673], [559, 607, 577, 664, 618, 664, 613, 666, 667, 563, 656, 600, 652, 589, 679, 626], [540, 579, 619, 648, 579, 628, 686, 700, 735, 652, 654, 597, 678, 619, 566, 520], [467, 556, 595, 667, 574, 646, 700, 809, 782, 703, 662, 559, 677, 556, 596, 451], [430, 564, 514, 709, 525, 665, 684, 937, 952, 681, 665, 524, 678, 510, 558, 404], [357, 494, 499, 693, 495, 705, 710, 1052, 1055, 696, 689, 499, 687, 513, 439, 417], [316, 451, 509, 672, 453, 697, 694, 1170, 1176, 718, 678, 460, 696, 487, 467, 356], [282, 433, 465, 716, 440, 697, 693, 1332, 1262, 690, 670, 470, 676, 432, 442, 300], [276, 401, 414, 676, 439, 692, 694, 1429, 1524, 657, 699, 390, 667, 388, 390, 264], [229, 388, 378, 694, 359, 685, 654, 1641, 1632, 713, 671, 354, 651, 348, 374, 229], [217, 345, 345, 620, 348, 662, 690, 1807, 1824, 630, 633, 333, 619, 370, 362, 195], [216, 334, 324, 625, 301, 668, 614, 1994, 1874, 645, 607, 324, 608, 328, 327, 211], [170, 287, 304, 567, 293, 639, 588, 2113, 2073, 611, 631, 317, 617, 335, 282, 173], [159, 260, 245, 583, 302, 615, 559, 2372, 2263, 562, 552, 243, 598, 280, 247, 160], [129, 220, 280, 552, 213, 570, 541, 2472, 2550, 578, 536, 235, 518, 237, 232, 137], [100, 201, 196, 498, 219, 475, 531, 2775, 2762, 512, 491, 200, 517, 194, 212, 117], [113, 214, 201, 473, 211, 508, 465, 2888, 2896, 437, 445, 207, 456, 167, 214, 105], [108, 186, 184, 422, 171, 415, 439, 3125, 3131, 388, 393, 185, 416, 174, 167, 96], [88, 157, 139, 375, 142, 377, 400, 3331, 3332, 391, 374, 157, 371, 142, 132, 92], [75, 132, 122, 350, 119, 334, 299, 3531, 3598, 342, 312, 140, 326, 129, 116, 75], [56, 107, 98, 266, 113, 286, 262, 3765, 3817, 283, 270, 119, 304, 104, 102, 48], [47, 94, 96, 223, 93, 208, 227, 4021, 3964, 243, 251, 78, 230, 91, 82, 52], [36, 60, 65, 179, 70, 196, 188, 4284, 4128, 192, 184, 56, 189, 80, 60, 33], [22, 53, 34, 124, 48, 127, 118, 4518, 4433, 110, 135, 40, 120, 37, 58, 23], [13, 35, 34, 80, 22, 103, 77, 4660, 4640, 84, 86, 24, 76, 31, 23, 12], [6, 15, 10, 28, 10, 19, 32, 4894, 4875, 19, 16, 13, 33, 11, 10, 9], [8, 10, 4, 21, 7, 27, 30, 4880, 4905, 22, 22, 5, 27, 20, 4, 8], [20, 34, 41, 65, 34, 91, 75, 4650, 4671, 75, 71, 34, 72, 33, 19, 15], [32, 56, 39, 126, 42, 140, 116, 4477, 4430, 130, 117, 40, 144, 50, 38, 23], [33, 67, 56, 181, 74, 187, 187, 4223, 4225, 182, 187, 57, 168, 69, 64, 40], [45, 79, 85, 258, 82, 214, 240, 4032, 3992, 225, 220, 85, 224, 83, 95, 41], [72, 96, 92, 282, 99, 307, 280, 3708, 3810, 290, 302, 113, 272, 99, 112, 66], [75, 131, 119, 328, 149, 345, 310, 3589, 3493, 335, 337, 121, 341, 142, 116, 69], [89, 145, 140, 367, 145, 389, 352, 3395, 3299, 384, 402, 150, 359, 157, 145, 82], [91, 195, 165, 421, 173, 446, 424, 3069, 3113, 394, 424, 150, 473, 169, 193, 100], [107, 175, 192, 459, 192, 486, 457, 2927, 2897, 464, 465, 197, 478, 172, 213, 119], [125, 211, 209, 517, 237, 529, 494, 2671, 2714, 494, 500, 221, 544, 223, 206, 105], [136, 246, 251, 557, 251, 515, 557, 2526, 2468, 523, 569, 239, 531, 233, 253, 145], [159, 260, 288, 557, 239, 568, 602, 2378, 2319, 538, 588, 279, 574, 238, 245, 168], [167, 302, 298, 622, 288, 592, 610, 2063, 2120, 623, 669, 295, 609, 290, 284, 168], [185, 332, 340, 625, 318, 655, 660, 1883, 1997, 645, 638, 293, 623, 309, 292, 205], [231, 361, 343, 690, 355, 645, 653, 1735, 1735, 682, 645, 322, 700, 324, 355, 224], [240, 374, 382, 652, 384, 684, 719, 1644, 1572, 710, 714, 358, 655, 330, 335, 247], [299, 390, 373, 665, 393, 683, 709, 1532, 1436, 688, 682, 363, 727, 408, 382, 270], [274, 441, 467, 687, 410, 653, 730, 1296, 1307, 696, 733, 399, 719, 449, 446, 293], [332, 470, 478, 721, 470, 726, 705, 1125, 1189, 672, 693, 449, 682, 460, 487, 341], [376, 491, 502, 763, 499, 664, 706, 1052, 1000, 689, 702, 452, 720, 504, 506, 374], [453, 521, 535, 736, 542, 695, 715, 892, 945, 670, 685, 505, 672, 492, 519, 423], [452, 580, 549, 672, 564, 680, 699, 832, 846, 635, 629, 574, 673, 576, 558, 481], [547, 573, 627, 670, 551, 678, 692, 717, 729, 650, 667, 567, 686, 568, 584, 494], [634, 636, 625, 622, 610, 628, 610, 654, 649, 625, 601, 590, 633, 632, 641, 610], [664, 649, 650, 655, 649, 595, 629, 543, 560, 532, 620, 670, 603, 612, 688, 681], [770, 703, 682, 568, 659, 598, 538, 507, 515, 580, 546, 714, 633, 627, 647, 713], [906, 647, 661, 545, 639, 590, 524, 422, 456, 589, 536, 715, 554, 722, 634, 860], [937, 724, 662, 515, 676, 551, 510, 413, 402, 487, 532, 675, 536, 699, 658, 1023], [1088, 713, 716, 520, 658, 475, 490, 372, 354, 492, 488, 721, 482, 668, 689, 1074], [1215, 696, 721, 454, 709, 465, 440, 300, 300, 423, 435, 729, 456, 729, 710, 1218], [1409, 716, 644, 486, 660, 381, 427, 305, 290, 390, 408, 705, 402, 685, 674, 1418], [1530, 696, 688, 380, 675, 379, 327, 253, 243, 393, 416, 705, 399, 685, 688, 1543], [1731, 692, 673, 392, 669, 359, 339, 254, 204, 339, 338, 679, 379, 658, 657, 1637], [1900, 651, 671, 310, 608, 361, 348, 196, 215, 330, 311, 602, 351, 662, 628, 1856], [2050, 641, 616, 304, 594, 309, 309, 179, 175, 303, 307, 678, 323, 613, 613, 1986], [2246, 599, 589, 249, 592, 287, 333, 145, 171, 296, 271, 584, 273, 555, 601, 2209], [2361, 566, 601, 244, 572, 274, 257, 146, 141, 244, 269, 554, 232, 564, 541, 2434], [2669, 513, 521, 250, 532, 212, 222, 152, 117, 224, 216, 570, 204, 509, 505, 2584], [2828, 498, 501, 220, 475, 214, 203, 114, 104, 188, 193, 501, 212, 496, 478, 2775], [3041, 472, 421, 168, 408, 163, 173, 99, 111, 188, 172, 450, 159, 459, 476, 3040], [3254, 377, 397, 170, 377, 159, 170, 86, 94, 156, 140, 408, 169, 435, 359, 3249], [3412, 376, 398, 131, 349, 142, 130, 62, 86, 137, 116, 349, 124, 340, 387, 3461], [3609, 360, 330, 139, 274, 117, 116, 59, 68, 120, 125, 284, 118, 311, 339, 3631], [3861, 234, 280, 76, 266, 99, 99, 47, 56, 97, 96, 273, 87, 256, 243, 3930], [4202, 195, 202, 83, 224, 62, 59, 46, 39, 69, 73, 227, 66, 207, 195, 4051], [4302, 159, 146, 62, 147, 56, 60, 33, 27, 66, 71, 180, 57, 188, 160, 4286], [4526, 95, 109, 43, 103, 43, 48, 20, 22, 43, 43, 106, 38, 104, 120, 4537], [4885, 55, 62, 12, 43, 19, 16, 9, 17, 13, 12, 51, 21, 50, 45, 4690], [5029, 2, 0, 3, 3, 3, 4, 4, 0, 0, 0, 0, 0, 0, 0, 4952]] 
 

