; 
 [[6.283185244057254], [6.175389336458441], [6.067615642094678], [5.959886578193906], [5.8522246546275625], [5.744652615584828], [5.6371935189158116], [5.529870816509256], [5.422708435929913], [5.315730863515597], [5.2089632291021], [5.102431392502474], [4.996162031816958], [4.890182733584883], [4.784522084712494], [4.679209766014408], [4.5742766470908816], [4.46975488212388], [4.365678006009277], [4.26208103004631], [4.159000536175724], [4.05647476849154], [3.954543720445109], [3.853249215813034], [3.752634981112415], [3.6527467067197943], [3.553632093490486], [3.45534088119149], [3.35792485456993], [3.2614378224013914], [3.1659355644284055], [3.0714757407472835], [2.978117757979179], [2.8859225865256635], [2.7949525234247137], [2.7052708958590106], [2.6169417012934204], [2.5300291815941405], [2.444597330351961], [2.360709335012645], [2.278426958283463], [2.197809866559491], [2.1189149166582304], [2.0417954157640663], [1.966500372903906], [1.8930737631969317], [1.8215538282228936], [1.7519724368318377], [1.6843545303319747], [1.6187176741022453], [1.5866455297928415], [1.6512876709835798], [1.717916772821785], [1.786519087559336], [1.8570733132339425], [1.9295509815824348], [2.003916962218387], [2.0801300625432857], [2.158143700207951], [2.2379066238122762], [2.3193636578522163], [2.4024564494979392], [2.487124197338667], [2.573304345440298], [2.6609332296142174], [2.749946666403874], [2.8402804787266938], [2.931870955192574], [3.024655242749546], [3.118571674432797], [3.213560035611927], [3.3095617732748224], [3.406520153608663], [3.5043803735056294], [3.603089631702468], [3.7025971651264182], [3.8028542557263103], [3.903814212669145], [4.005432334322416], [4.107665853954699], [4.210473872597583], [4.313817282038681], [4.417658680471275], [4.521962282918025], [4.626693828178423], [4.731820483723164], [4.8373107496724685], [4.943134362747552], [5.0492622008721835], [5.1556661889204385], [5.262319205955112], [5.369194994173986], [5.476268069675875], [5.583513635071808], [5.690907493895862], [5.798425966712832], [5.906045808774243], [6.013744129037521], [6.121498310334818], [6.229285930457118], [6.229285930457118], [6.121498310334818], [6.013744129037521], [5.906045808774243], [5.798425966712832], [5.690907493895862], [5.583513635071808], [5.476268069675875], [5.369194994173986], [5.262319205955112], [5.1556661889204385], [5.0492622008721835], [4.943134362747552], [4.8373107496724685], [4.73182048372317], [4.62669382817842], [4.521962282918025], [4.417658680471275], [4.313817282038681], [4.210473872597583], [4.107665853954699], [4.005432334322416], [3.9038142126691486], [3.8028542557263103], [3.702597165126421], [3.603089631702468], [3.5043803735056267], [3.406520153608663], [3.309561773274824], [3.213560035611927], [3.118571674432797], [3.024655242749544], [2.9318709551925766], [2.8402804787266938], [2.749946666403872], [2.660933229614219], [2.573304345440297], [2.4871241973386677], [2.4024564494979392], [2.3193636578522154], [2.237906623812277], [2.15814370020795], [2.0801300625432866], [2.003916962218387], [1.929550981582433], [1.8570733132339425], [1.786519087559336], [1.717916772821786], [1.6512876709835806], [1.5866455297928415], [1.6187176741022444], [1.6843545303319747], [1.7519724368318377], [1.8215538282228936], [1.8930737631969308], [1.966500372903906], [2.0417954157640663], [2.1189149166582304], [2.197809866559491], [2.278426958283461], [2.360709335012645], [2.4445973303519617], [2.5300291815941405], [2.616941701293422], [2.7052708958590106], [2.7949525234247137], [2.8859225865256635], [2.978117757979179], [3.0714757407472835], [3.165935564428401], [3.2614378224013914], [3.3579248545699327], [3.45534088119149], [3.553632093490486], [3.6527467067197907], [3.752634981112415], [3.853249215813034], [3.954543720445109], [4.05647476849154], [4.159000536175724], [4.26208103004631], [4.365678006009277], [4.46975488212388], [4.5742766470908816], [4.679209766014408], [4.784522084712494], [4.890182733584883], [4.996162031816958], [5.102431392502474], [5.208963229102093], [5.315730863515597], [5.422708435929913], [5.529870816509256], [5.6371935189158116], [5.744652615584828], [5.8522246546275625], [5.959886578193906], [6.067615642094678], [6.175389336458441], [6.283185244057254]] 
 ; [0.         0.0315738  0.06314759 0.09472139 0.12629518 0.15786898
 0.18944277 0.22101657 0.25259036 0.28416416 0.31573796 0.34731175
 0.37888555 0.41045934 0.44203314 0.47360693 0.50518073 0.53675452
 0.56832832 0.59990211 0.63147591 0.66304971 0.6946235  0.7261973
 0.75777109 0.78934489 0.82091868 0.85249248 0.88406627 0.91564007
 0.94721387 0.97878766 1.01036146 1.04193525 1.07350905 1.10508284
 1.13665664 1.16823043 1.19980423 1.23137803 1.26295182 1.29452562
 1.32609941 1.35767321 1.389247   1.4208208  1.45239459 1.48396839
 1.51554218 1.54711598 1.57868978 1.61026357 1.64183737 1.67341116
 1.70498496 1.73655875 1.76813255 1.79970634 1.83128014 1.86285394
 1.89442773 1.92600153 1.95757532 1.98914912 2.02072291 2.05229671
 2.0838705  2.1154443  2.14701809 2.17859189 2.21016569 2.24173948
 2.27331328 2.30488707 2.33646087 2.36803466 2.39960846 2.43118225
 2.46275605 2.49432985 2.52590364 2.55747744 2.58905123 2.62062503
 2.65219882 2.68377262 2.71534641 2.74692021 2.77849401 2.8100678
 2.8416416  2.87321539 2.90478919 2.93636298 2.96793678 2.99951057
 3.03108437 3.06265816 3.09423196 3.12580576 3.15737955 3.18895335
 3.22052714 3.25210094 3.28367473 3.31524853 3.34682232 3.37839612
 3.40996992 3.44154371 3.47311751 3.5046913  3.5362651  3.56783889
 3.59941269 3.63098648 3.66256028 3.69413408 3.72570787 3.75728167
 3.78885546 3.82042926 3.85200305 3.88357685 3.91515064 3.94672444
 3.97829823 4.00987203 4.04144583 4.07301962 4.10459342 4.13616721
 4.16774101 4.1993148  4.2308886  4.26246239 4.29403619 4.32560999
 4.35718378 4.38875758 4.42033137 4.45190517 4.48347896 4.51505276
 4.54662655 4.57820035 4.60977414 4.64134794 4.67292174 4.70449553
 4.73606933 4.76764312 4.79921692 4.83079071 4.86236451 4.8939383
 4.9255121  4.9570859  4.98865969 5.02023349 5.05180728 5.08338108
 5.11495487 5.14652867 5.17810246 5.20967626 5.24125006 5.27282385
 5.30439765 5.33597144 5.36754524 5.39911903 5.43069283 5.46226662
 5.49384042 5.52541421 5.55698801 5.58856181 5.6201356  5.6517094
 5.68328319 5.71485699 5.74643078 5.77800458 5.80957837 5.84115217
 5.87272597 5.90429976 5.93587356 5.96744735 5.99902115 6.03059494
 6.06216874 6.09374253 6.12531633 6.15689013 6.18846392 6.22003772
 6.25161151 6.28318531] 
 

