100000 ; [0.         0.0315738  0.06314759 0.09472139 0.12629518 0.15786898
 0.18944277 0.22101657 0.25259036 0.28416416 0.31573796 0.34731175
 0.37888555 0.41045934 0.44203314 0.47360693 0.50518073 0.53675452
 0.56832832 0.59990211 0.63147591 0.66304971 0.6946235  0.7261973
 0.75777109 0.78934489 0.82091868 0.85249248 0.88406627 0.91564007
 0.94721387 0.97878766 1.01036146 1.04193525 1.07350905 1.10508284
 1.13665664 1.16823043 1.19980423 1.23137803 1.26295182 1.29452562
 1.32609941 1.35767321 1.389247   1.4208208  1.45239459 1.48396839
 1.51554218 1.54711598 1.57868978 1.61026357 1.64183737 1.67341116
 1.70498496 1.73655875 1.76813255 1.79970634 1.83128014 1.86285394
 1.89442773 1.92600153 1.95757532 1.98914912 2.02072291 2.05229671
 2.0838705  2.1154443  2.14701809 2.17859189 2.21016569 2.24173948
 2.27331328 2.30488707 2.33646087 2.36803466 2.39960846 2.43118225
 2.46275605 2.49432985 2.52590364 2.55747744 2.58905123 2.62062503
 2.65219882 2.68377262 2.71534641 2.74692021 2.77849401 2.8100678
 2.8416416  2.87321539 2.90478919 2.93636298 2.96793678 2.99951057
 3.03108437 3.06265816 3.09423196 3.12580576 3.15737955 3.18895335
 3.22052714 3.25210094 3.28367473 3.31524853 3.34682232 3.37839612
 3.40996992 3.44154371 3.47311751 3.5046913  3.5362651  3.56783889
 3.59941269 3.63098648 3.66256028 3.69413408 3.72570787 3.75728167
 3.78885546 3.82042926 3.85200305 3.88357685 3.91515064 3.94672444
 3.97829823 4.00987203 4.04144583 4.07301962 4.10459342 4.13616721
 4.16774101 4.1993148  4.2308886  4.26246239 4.29403619 4.32560999
 4.35718378 4.38875758 4.42033137 4.45190517 4.48347896 4.51505276
 4.54662655 4.57820035 4.60977414 4.64134794 4.67292174 4.70449553
 4.73606933 4.76764312 4.79921692 4.83079071 4.86236451 4.8939383
 4.9255121  4.9570859  4.98865969 5.02023349 5.05180728 5.08338108
 5.11495487 5.14652867 5.17810246 5.20967626 5.24125006 5.27282385
 5.30439765 5.33597144 5.36754524 5.39911903 5.43069283 5.46226662
 5.49384042 5.52541421 5.55698801 5.58856181 5.6201356  5.6517094
 5.68328319 5.71485699 5.74643078 5.77800458 5.80957837 5.84115217
 5.87272597 5.90429976 5.93587356 5.96744735 5.99902115 6.03059494
 6.06216874 6.09374253 6.12531633 6.15689013 6.18846392 6.22003772
 6.25161151 6.28318531] ; [[50428, 0, 0, 0, 0, 0, 0, 0, 0, 0, 0, 0, 0, 0, 0, 49572], [48914, 254, 266, 99, 281, 95, 104, 70, 45, 68, 90, 247, 84, 255, 284, 48844], [47625, 516, 539, 207, 551, 191, 217, 107, 87, 185, 156, 519, 166, 489, 503, 47942], [46444, 831, 802, 308, 744, 275, 283, 149, 151, 292, 315, 787, 248, 754, 771, 46846], [45768, 1031, 1057, 408, 954, 383, 365, 224, 186, 361, 364, 1091, 334, 1066, 1036, 45372], [44585, 1319, 1263, 497, 1291, 483, 447, 274, 236, 434, 472, 1300, 442, 1257, 1302, 44398], [43378, 1570, 1533, 604, 1529, 606, 573, 314, 298, 503, 525, 1542, 551, 1533, 1624, 43317], [41971, 1781, 1814, 722, 1812, 689, 653, 375, 374, 649, 681, 1890, 671, 1821, 1799, 42298], [40943, 2067, 2072, 770, 2102, 763, 784, 425, 426, 746, 743, 2003, 717, 2050, 2158, 41231], [39958, 2373, 2365, 908, 2258, 872, 896, 483, 530, 900, 864, 2312, 838, 2242, 2323, 39878], [39240, 2605, 2579, 1008, 2598, 935, 931, 579, 500, 970, 933, 2521, 924, 2544, 2533, 38600], [37762, 2749, 2742, 1052, 2835, 1096, 1131, 587, 587, 1078, 1042, 2837, 1028, 2728, 2783, 37963], [37098, 3061, 3005, 1174, 3029, 1122, 1137, 669, 629, 1142, 1132, 3001, 1127, 3066, 3065, 36543], [35481, 3295, 3343, 1288, 3349, 1237, 1307, 723, 741, 1274, 1227, 3309, 1163, 3307, 3234, 35722], [34529, 3444, 3534, 1427, 3602, 1377, 1259, 805, 759, 1363, 1300, 3453, 1415, 3515, 3502, 34716], [33443, 3809, 3729, 1511, 3689, 1453, 1539, 799, 874, 1520, 1469, 3700, 1476, 3681, 3730, 33578], [32654, 3935, 4023, 1545, 3952, 1616, 1596, 927, 925, 1601, 1558, 4003, 1592, 3983, 3868, 32222], [31519, 4260, 4286, 1672, 4175, 1693, 1732, 965, 1012, 1690, 1584, 4248, 1667, 4246, 4110, 31141], [30254, 4507, 4381, 1746, 4482, 1828, 1844, 1031, 1028, 1820, 1821, 4502, 1819, 4206, 4469, 30262], [29269, 4817, 4620, 2012, 4685, 1930, 1892, 1144, 1128, 1869, 1880, 4710, 1852, 4591, 4575, 29026], [28378, 4849, 4826, 2021, 4821, 2053, 1956, 1158, 1178, 1985, 1897, 4841, 1953, 4823, 4814, 28447], [27234, 5046, 5083, 2096, 5127, 2189, 2019, 1247, 1203, 2180, 2164, 4981, 2136, 5108, 4986, 27201], [26385, 5216, 5315, 2286, 5157, 2255, 2282, 1280, 1231, 2255, 2312, 5284, 2235, 5272, 5081, 26154], [25150, 5518, 5423, 2428, 5588, 2371, 2364, 1387, 1413, 2299, 2414, 5302, 2437, 5425, 5311, 25170], [24250, 5677, 5563, 2520, 5480, 2460, 2485, 1492, 1430, 2542, 2433, 5524, 2563, 5661, 5624, 24296], [23234, 5711, 5801, 2560, 5755, 2655, 2632, 1597, 1568, 2663, 2548, 5779, 2633, 5670, 5789, 23405], [22329, 6033, 5895, 2806, 5931, 2744, 2713, 1647, 1711, 2644, 2751, 5946, 2717, 5937, 5937, 22259], [21481, 6115, 6059, 2873, 6113, 2897, 2883, 1700, 1820, 2847, 2959, 5930, 2835, 6073, 6037, 21378], [20376, 6242, 6278, 3047, 6208, 2968, 2913, 1885, 1874, 2993, 3080, 6165, 2983, 6121, 6164, 20703], [19341, 6348, 6439, 3221, 6212, 3130, 3154, 2052, 1946, 3228, 3080, 6414, 3089, 6283, 6415, 19648], [18742, 6448, 6651, 3276, 6396, 3242, 3326, 1998, 2052, 3272, 3180, 6330, 3282, 6511, 6500, 18794], [17961, 6593, 6501, 3355, 6577, 3349, 3429, 2290, 2181, 3477, 3353, 6497, 3378, 6403, 6570, 18086], [17027, 6724, 6671, 3589, 6640, 3621, 3460, 2251, 2290, 3646, 3490, 6612, 3623, 6637, 6677, 17042], [16074, 6852, 6731, 3702, 6691, 3601, 3626, 2470, 2377, 3749, 3755, 6736, 3846, 6823, 6690, 16277], [15456, 6766, 6961, 3900, 6828, 3852, 3795, 2549, 2477, 3747, 3908, 6842, 3882, 6713, 6792, 15532], [14749, 6973, 6817, 3981, 6779, 4083, 4105, 2751, 2686, 4072, 3972, 6826, 3877, 6803, 6841, 14685], [13512, 7066, 6981, 4220, 7016, 4148, 4139, 2888, 2872, 4214, 4108, 6980, 4131, 6927, 6910, 13888], [13183, 6917, 7132, 4342, 6921, 4413, 4298, 2934, 2943, 4252, 4296, 7004, 4318, 6946, 6913, 13188], [12512, 7071, 7081, 4423, 7049, 4474, 4498, 3138, 3070, 4489, 4541, 7002, 4518, 6973, 6935, 12226], [11818, 6939, 6958, 4590, 7042, 4567, 4635, 3459, 3313, 4633, 4628, 6910, 4627, 7138, 6869, 11874], [11292, 6948, 6978, 4849, 6979, 4740, 4828, 3499, 3574, 4741, 4790, 6969, 4721, 6825, 7121, 11146], [10580, 6965, 6937, 5053, 7036, 4925, 4924, 3729, 3719, 4888, 4979, 6906, 4904, 6991, 6854, 10610], [9993, 6905, 6801, 5063, 7042, 5183, 5124, 3947, 3920, 5112, 5249, 6932, 4994, 6853, 6933, 9949], [9225, 6742, 6929, 5321, 6861, 5339, 5286, 4178, 4128, 5311, 5352, 6817, 5276, 6931, 6972, 9332], [8965, 6815, 6782, 5300, 6731, 5376, 5550, 4391, 4494, 5421, 5384, 6928, 5354, 6788, 6960, 8761], [8322, 6781, 6825, 5580, 6792, 5578, 5612, 4755, 4703, 5425, 5457, 6797, 5453, 6863, 6779, 8278], [7899, 6605, 6636, 5857, 6533, 5624, 5923, 4904, 4982, 5678, 5827, 6738, 5666, 6671, 6559, 7898], [7364, 6366, 6546, 5977, 6539, 5922, 5766, 5364, 5298, 5907, 5844, 6631, 5922, 6599, 6493, 7462], [6985, 6499, 6416, 5911, 6466, 6100, 6076, 5674, 5662, 6022, 5981, 6315, 6019, 6454, 6341, 7079], [6571, 6272, 6417, 6232, 6358, 6042, 6248, 6029, 5916, 6157, 5975, 6364, 6113, 6332, 6396, 6578], [6216, 6226, 6156, 6256, 6215, 6278, 6277, 6512, 6399, 6204, 6274, 6213, 6213, 6227, 6180, 6154], [5772, 6088, 6105, 6345, 6089, 6411, 6681, 6732, 6665, 6335, 6508, 6032, 6453, 5904, 6198, 5682], [5470, 6021, 6057, 6514, 6048, 6410, 6413, 7285, 7125, 6642, 6405, 5959, 6494, 5953, 5884, 5320], [5164, 5830, 5856, 6556, 5898, 6640, 6683, 7493, 7600, 6651, 6615, 5972, 6445, 5841, 5625, 5131], [4964, 5723, 5666, 6774, 5626, 6734, 6761, 7958, 8051, 6667, 6671, 5608, 6660, 5661, 5628, 4848], [4725, 5457, 5423, 6797, 5514, 6772, 6705, 8421, 8742, 6783, 6691, 5605, 6743, 5454, 5449, 4719], [4291, 5360, 5446, 6869, 5400, 6802, 6847, 9065, 9035, 6804, 6882, 5303, 6872, 5307, 5374, 4343], [4145, 5181, 5264, 6992, 5093, 6942, 6786, 9776, 9605, 6818, 6862, 5173, 6946, 5269, 5114, 4034], [3887, 5058, 5109, 6832, 5105, 6893, 6902, 10271, 10329, 6770, 6855, 4994, 6930, 5034, 5013, 4018], [3631, 4915, 4947, 6971, 4891, 6963, 7051, 10812, 10847, 6810, 6980, 4907, 6834, 4874, 4888, 3679], [3437, 4735, 4774, 6957, 4613, 6894, 6959, 11552, 11487, 6911, 7067, 4714, 7028, 4617, 4777, 3478], [3264, 4663, 4586, 7045, 4652, 7038, 7040, 12173, 12054, 6955, 6939, 4443, 6837, 4555, 4547, 3209], [3035, 4440, 4335, 7264, 4424, 6895, 6871, 12817, 13047, 6963, 6989, 4293, 6853, 4342, 4377, 3055], [2944, 4285, 4175, 7011, 4194, 7020, 7000, 13533, 13489, 6845, 6840, 4120, 7078, 4332, 4176, 2958], [2727, 4131, 4124, 6941, 4027, 6985, 7114, 14304, 14386, 6910, 6800, 3955, 6724, 3974, 4097, 2801], [2651, 3959, 3934, 6805, 3975, 6952, 6950, 15178, 15032, 6709, 6695, 3874, 6811, 3919, 3901, 2655], [2410, 3688, 3881, 6831, 3802, 6827, 6675, 15889, 15833, 6801, 6823, 3724, 6885, 3750, 3753, 2428], [2362, 3638, 3585, 6760, 3577, 6719, 6729, 16643, 16595, 6781, 6485, 3591, 6834, 3652, 3661, 2388], [2282, 3597, 3522, 6586, 3465, 6503, 6570, 17412, 17378, 6563, 6691, 3461, 6629, 3560, 3576, 2205], [2143, 3415, 3364, 6511, 3395, 6635, 6448, 18122, 18184, 6452, 6618, 3344, 6618, 3267, 3343, 2141], [2017, 3214, 3196, 6393, 3197, 6316, 6524, 18940, 19340, 6241, 6458, 3150, 6489, 3259, 3251, 2015], [1915, 3073, 2970, 6283, 3106, 6285, 6184, 20287, 20031, 6277, 6272, 3028, 6270, 3101, 2999, 1919], [1807, 2967, 2840, 6122, 2936, 6288, 6104, 21129, 20991, 6122, 6034, 2938, 6191, 2909, 2877, 1745], [1645, 2864, 2785, 6027, 2766, 5990, 5968, 21845, 21970, 6028, 5978, 2842, 5957, 2782, 2846, 1707], [1609, 2636, 2575, 5747, 2720, 5908, 5689, 23099, 22791, 5802, 5831, 2610, 5938, 2632, 2743, 1670], [1562, 2636, 2483, 5704, 2627, 5661, 5845, 23885, 23613, 5621, 5656, 2535, 5540, 2566, 2571, 1495], [1396, 2423, 2471, 5514, 2481, 5348, 5371, 25132, 24715, 5474, 5406, 2467, 5508, 2390, 2479, 1425], [1401, 2380, 2327, 5247, 2414, 5251, 5306, 25642, 25875, 5240, 5291, 2342, 5383, 2249, 2288, 1364], [1325, 2218, 2177, 5061, 2219, 5141, 4979, 26747, 26914, 5070, 5122, 2278, 5074, 2195, 2198, 1282], [1218, 2023, 2052, 4858, 2136, 4898, 4949, 27918, 27668, 4998, 4964, 2041, 4990, 2038, 2062, 1187], [1113, 1894, 1946, 4775, 2065, 4735, 4743, 28600, 28938, 4736, 4750, 1934, 4630, 2020, 1958, 1163], [1104, 1877, 1893, 4497, 1828, 4546, 4500, 29733, 29691, 4618, 4571, 1903, 4450, 1855, 1882, 1052], [935, 1758, 1796, 4333, 1746, 4291, 4359, 30795, 30941, 4365, 4312, 1670, 4232, 1772, 1686, 1009], [978, 1626, 1605, 4123, 1618, 4082, 4025, 31814, 31925, 4248, 4031, 1661, 4123, 1617, 1629, 895], [865, 1582, 1550, 3893, 1535, 3896, 3840, 32882, 32877, 3863, 3771, 1539, 4035, 1480, 1495, 897], [816, 1471, 1426, 3599, 1502, 3667, 3580, 33857, 34141, 3655, 3668, 1356, 3653, 1405, 1368, 836], [801, 1302, 1303, 3385, 1341, 3435, 3389, 35073, 35080, 3467, 3334, 1287, 3433, 1293, 1307, 770], [681, 1211, 1158, 3125, 1264, 3190, 3194, 36221, 36202, 3090, 3069, 1196, 3248, 1219, 1232, 700], [655, 1137, 1149, 2914, 1161, 2947, 2899, 37035, 37364, 2919, 2968, 1104, 2934, 1098, 1159, 557], [599, 982, 1038, 2751, 1058, 2653, 2748, 38392, 38420, 2594, 2571, 975, 2687, 1010, 940, 582], [522, 919, 923, 2397, 898, 2413, 2452, 39261, 39783, 2309, 2450, 879, 2438, 919, 932, 505], [470, 843, 807, 2228, 828, 2202, 2202, 40792, 40306, 2114, 2174, 791, 2212, 770, 813, 448], [406, 738, 694, 1971, 710, 2042, 1873, 41749, 41529, 1910, 1880, 706, 1987, 692, 704, 409], [362, 603, 632, 1643, 612, 1761, 1766, 42547, 42786, 1641, 1697, 595, 1737, 655, 619, 344], [312, 530, 540, 1439, 513, 1462, 1484, 43788, 43949, 1356, 1351, 526, 1459, 488, 533, 270], [252, 439, 470, 1173, 437, 1191, 1185, 44774, 45315, 1130, 1124, 412, 1068, 382, 413, 235], [175, 382, 324, 920, 347, 870, 958, 46409, 45774, 876, 913, 333, 891, 328, 302, 198], [158, 254, 232, 655, 236, 675, 625, 47108, 47298, 642, 652, 235, 637, 223, 239, 131], [93, 134, 153, 416, 148, 368, 432, 48236, 48410, 374, 403, 139, 387, 117, 134, 56], [37, 42, 51, 143, 54, 153, 152, 49420, 49491, 102, 105, 41, 112, 35, 43, 19], [38, 58, 56, 120, 58, 126, 129, 49410, 49518, 135, 114, 31, 125, 33, 34, 15], [96, 140, 148, 406, 153, 378, 389, 48303, 48472, 359, 363, 120, 353, 124, 122, 74], [145, 238, 282, 613, 249, 711, 613, 47398, 47022, 633, 677, 220, 634, 224, 223, 118], [204, 328, 331, 901, 330, 897, 887, 46195, 46082, 937, 903, 337, 861, 325, 325, 157], [244, 407, 451, 1114, 447, 1118, 1183, 45166, 44847, 1193, 1167, 393, 1203, 446, 400, 221], [294, 530, 530, 1493, 504, 1476, 1372, 44048, 43732, 1454, 1398, 508, 1362, 523, 486, 290], [396, 627, 597, 1792, 653, 1656, 1660, 42474, 42858, 1657, 1730, 641, 1679, 614, 636, 330], [408, 743, 772, 1928, 664, 1985, 1922, 41572, 41851, 1977, 1857, 718, 1911, 680, 653, 359], [468, 906, 817, 2149, 824, 2284, 2175, 40323, 40509, 2259, 2205, 821, 2179, 822, 848, 411], [520, 917, 889, 2503, 854, 2410, 2531, 39512, 39333, 2431, 2468, 879, 2430, 936, 900, 487], [575, 1023, 1049, 2772, 1037, 2691, 2747, 38117, 38284, 2688, 2671, 1048, 2795, 1016, 974, 513], [659, 1160, 1122, 2933, 1152, 2951, 2973, 37189, 37044, 2950, 2912, 1103, 2986, 1120, 1111, 635], [716, 1238, 1273, 3239, 1260, 3211, 3180, 36013, 36161, 3141, 3105, 1227, 3146, 1204, 1191, 695], [752, 1298, 1324, 3430, 1290, 3441, 3447, 35024, 35262, 3287, 3496, 1334, 3386, 1267, 1236, 726], [812, 1405, 1502, 3772, 1444, 3638, 3578, 33846, 33997, 3616, 3717, 1425, 3645, 1399, 1368, 836], [911, 1545, 1520, 3932, 1513, 3938, 3906, 33020, 32712, 3835, 3873, 1513, 3859, 1516, 1513, 894], [1016, 1583, 1585, 3986, 1670, 4059, 4104, 32237, 31626, 4188, 4110, 1644, 3991, 1661, 1609, 931], [985, 1719, 1767, 4354, 1762, 4284, 4283, 30878, 30779, 4217, 4300, 1745, 4416, 1724, 1759, 1028], [1081, 1816, 1784, 4553, 1913, 4578, 4472, 29922, 29631, 4536, 4621, 1794, 4484, 1864, 1885, 1066], [1116, 1973, 1965, 4690, 1981, 4759, 4770, 28970, 28632, 4735, 4766, 1879, 4815, 1881, 1995, 1073], [1229, 2089, 2044, 5001, 2036, 4980, 4908, 27754, 27659, 4988, 4928, 2059, 4935, 2060, 2099, 1231], [1326, 2276, 2182, 5086, 2269, 5033, 5292, 27001, 26577, 5173, 5025, 2160, 5027, 2152, 2179, 1242], [1379, 2344, 2376, 5393, 2384, 5281, 5292, 25809, 25739, 5275, 5165, 2271, 5295, 2341, 2309, 1347], [1454, 2508, 2555, 5550, 2449, 5567, 5414, 24522, 24694, 5626, 5519, 2385, 5585, 2439, 2416, 1317], [1518, 2624, 2557, 5780, 2607, 5574, 5683, 23827, 23896, 5580, 5612, 2528, 5652, 2484, 2569, 1509], [1621, 2684, 2682, 5829, 2734, 5870, 5841, 22815, 22887, 5779, 5845, 2586, 5785, 2777, 2634, 1631], [1666, 2733, 2897, 6024, 2814, 5975, 6033, 21949, 21934, 5947, 5961, 2865, 6012, 2734, 2780, 1676], [1803, 2975, 3006, 6298, 2888, 6182, 6011, 20919, 21011, 6173, 6101, 2853, 6139, 2877, 2974, 1790], [1893, 3091, 2967, 6146, 3012, 6311, 6274, 20124, 19970, 6364, 6381, 3082, 6315, 3086, 3057, 1927], [2125, 3113, 3237, 6363, 3261, 6345, 6509, 19006, 19254, 6304, 6493, 3169, 6415, 3245, 3103, 2058], [2131, 3393, 3370, 6483, 3419, 6496, 6608, 18199, 18392, 6503, 6404, 3362, 6440, 3366, 3345, 2089], [2273, 3505, 3539, 6544, 3603, 6481, 6682, 17566, 17559, 6449, 6582, 3473, 6551, 3544, 3465, 2184], [2354, 3646, 3511, 6671, 3615, 6563, 6763, 16770, 16527, 6724, 6810, 3724, 6666, 3701, 3581, 2374], [2466, 3734, 3811, 6884, 3665, 6747, 6632, 15915, 15869, 6694, 6852, 3859, 6881, 3772, 3730, 2489], [2645, 3941, 4020, 6719, 3930, 6920, 6890, 14953, 14986, 6792, 6843, 3968, 6841, 3878, 4014, 2660], [2785, 4125, 4079, 6874, 4107, 7034, 6832, 14243, 14388, 6919, 6681, 4102, 6892, 4174, 4023, 2742], [2949, 4245, 4266, 7049, 4230, 6968, 7017, 13518, 13385, 6945, 6949, 4222, 6837, 4270, 4270, 2880], [3119, 4466, 4359, 7087, 4356, 7119, 6897, 12859, 12880, 6806, 6874, 4386, 6922, 4324, 4510, 3036], [3325, 4588, 4459, 6891, 4593, 6878, 7041, 12308, 12150, 6840, 7072, 4512, 6984, 4595, 4496, 3268], [3591, 4654, 4710, 6964, 4754, 6985, 7008, 11621, 11353, 7119, 6872, 4681, 6954, 4665, 4608, 3461], [3658, 4901, 4974, 7034, 4847, 6892, 6999, 10716, 10829, 7043, 6955, 4984, 6914, 4909, 4772, 3573], [3835, 5116, 4901, 6978, 5091, 7023, 7003, 10325, 10058, 6832, 6994, 4929, 6910, 5242, 5005, 3758], [4045, 5231, 5307, 6908, 5105, 6907, 6884, 9584, 9628, 6840, 6827, 5213, 7054, 5257, 5065, 4145], [4276, 5356, 5431, 6996, 5438, 6781, 6873, 9181, 9093, 6758, 6821, 5320, 6767, 5258, 5323, 4328], [4662, 5513, 5527, 6804, 5623, 6766, 6679, 8456, 8495, 6801, 6685, 5549, 6823, 5450, 5652, 4515], [4970, 5700, 5628, 6589, 5761, 6737, 6736, 8115, 8085, 6628, 6607, 5605, 6727, 5753, 5528, 4831], [5073, 5843, 5796, 6617, 5814, 6600, 6631, 7693, 7588, 6557, 6654, 5823, 6589, 5751, 5759, 5212], [5575, 5949, 5970, 6654, 5931, 6378, 6557, 7033, 7078, 6624, 6417, 6006, 6510, 5916, 6011, 5391], [5875, 6039, 6293, 6346, 6000, 6270, 6431, 6958, 6691, 6444, 6294, 6016, 6405, 6070, 6070, 5798], [6198, 6170, 6238, 6340, 6143, 6184, 6155, 6385, 6480, 6252, 6316, 6271, 6272, 6119, 6250, 6227], [6651, 6301, 6239, 6124, 6150, 6267, 6269, 5986, 5820, 6238, 6167, 6461, 6118, 6273, 6434, 6502], [7003, 6378, 6331, 6042, 6484, 5912, 5992, 5668, 5668, 5905, 6150, 6538, 6074, 6487, 6470, 6898], [7451, 6723, 6618, 5875, 6478, 5797, 5981, 5281, 5275, 5875, 5744, 6545, 5940, 6560, 6568, 7289], [8056, 6528, 6718, 5567, 6745, 5679, 5699, 5012, 4997, 5731, 5661, 6691, 5773, 6662, 6728, 7753], [8281, 6681, 6748, 5668, 6679, 5581, 5627, 4600, 4771, 5670, 5650, 6750, 5555, 6724, 6747, 8268], [8887, 6879, 6738, 5442, 6650, 5396, 5462, 4404, 4449, 5311, 5338, 6799, 5422, 6838, 7105, 8880], [9620, 6838, 6778, 5270, 6803, 5228, 5278, 4150, 4285, 5267, 5241, 6972, 5246, 6731, 6902, 9391], [9960, 6992, 6946, 5208, 7009, 4995, 5153, 4026, 3951, 5043, 5095, 6915, 5174, 6826, 6820, 9887], [10420, 6888, 6923, 5006, 7019, 4986, 4949, 3714, 3712, 4919, 4920, 7059, 4918, 6901, 6987, 10679], [11115, 6889, 7082, 4894, 6922, 4732, 4810, 3667, 3564, 4763, 4897, 6886, 4875, 6889, 6952, 11063], [11892, 6869, 6977, 4723, 6854, 4562, 4610, 3453, 3399, 4649, 4628, 6927, 4565, 7040, 6876, 11976], [12687, 7111, 6941, 4399, 6997, 4411, 4410, 3033, 3176, 4515, 4442, 6884, 4540, 7013, 6968, 12473], [13267, 6928, 6837, 4329, 7027, 4312, 4379, 3008, 2974, 4178, 4304, 6859, 4258, 7001, 6944, 13395], [13873, 6856, 6954, 4227, 6825, 4206, 4068, 2880, 2742, 4270, 4230, 6888, 4163, 6771, 7039, 14008], [14703, 6854, 6773, 4021, 6881, 4019, 3945, 2692, 2631, 3969, 3960, 6861, 4032, 6862, 6970, 14827], [15399, 6781, 6772, 3951, 6732, 3955, 3913, 2516, 2612, 3751, 3849, 6753, 3940, 6932, 6824, 15320], [16338, 6705, 6579, 3704, 6689, 3759, 3588, 2426, 2402, 3714, 3817, 6861, 3778, 6782, 6645, 16213], [17226, 6672, 6615, 3557, 6704, 3576, 3681, 2257, 2246, 3593, 3528, 6648, 3520, 6638, 6548, 16991], [17922, 6625, 6593, 3363, 6485, 3453, 3532, 2117, 2141, 3465, 3381, 6516, 3485, 6701, 6591, 17630], [18875, 6456, 6638, 3260, 6457, 3324, 3404, 2109, 1978, 3205, 3236, 6393, 3261, 6437, 6374, 18593], [19805, 6361, 6288, 3264, 6407, 3133, 3279, 1923, 1952, 3119, 3113, 6313, 3147, 6283, 6343, 19270], [20449, 6229, 6251, 2983, 6190, 3034, 2966, 1854, 1834, 3066, 3006, 6200, 2887, 6093, 6229, 20729], [21523, 6197, 6131, 2941, 6125, 2868, 2859, 1787, 1715, 2888, 2819, 6007, 2782, 6021, 6037, 21300], [22374, 5848, 5822, 2921, 5889, 2812, 2841, 1666, 1654, 2656, 2850, 5919, 2716, 5885, 5788, 22359], [23231, 5882, 5689, 2751, 5663, 2614, 2640, 1528, 1559, 2588, 2528, 5768, 2607, 5836, 5659, 23457], [24123, 5522, 5672, 2499, 5576, 2472, 2519, 1526, 1442, 2453, 2519, 5779, 2527, 5507, 5553, 24311], [25084, 5315, 5419, 2437, 5400, 2403, 2413, 1420, 1368, 2330, 2399, 5376, 2294, 5437, 5478, 25427], [26613, 5195, 5056, 2244, 5287, 2238, 2317, 1300, 1319, 2221, 2305, 5155, 2271, 5215, 5113, 26151], [27493, 5104, 4903, 2144, 5002, 2162, 2099, 1260, 1205, 2160, 2167, 5090, 2176, 4998, 4859, 27178], [28574, 4880, 4698, 2005, 4817, 2039, 2004, 1157, 1120, 1948, 2060, 4889, 2011, 4927, 4821, 28050], [29495, 4749, 4707, 1946, 4713, 1876, 1872, 1131, 1103, 1877, 1886, 4449, 1835, 4689, 4578, 29094], [30406, 4446, 4491, 1899, 4443, 1816, 1763, 1019, 1046, 1791, 1756, 4473, 1818, 4239, 4307, 30287], [31554, 4267, 4281, 1690, 4201, 1678, 1738, 988, 947, 1677, 1721, 4223, 1636, 4167, 4087, 31145], [32476, 3949, 4147, 1574, 4069, 1523, 1613, 905, 849, 1560, 1573, 4039, 1569, 3962, 3908, 32284], [33316, 3875, 3861, 1466, 3758, 1479, 1487, 900, 819, 1445, 1510, 3722, 1441, 3797, 3785, 33339], [34319, 3526, 3490, 1432, 3558, 1416, 1333, 807, 761, 1337, 1342, 3558, 1329, 3457, 3572, 34763], [35802, 3306, 3269, 1300, 3260, 1225, 1281, 755, 724, 1201, 1226, 3272, 1274, 3238, 3358, 35509], [36633, 3049, 3121, 1203, 3004, 1183, 1181, 676, 644, 1081, 1139, 3072, 1207, 3025, 3094, 36688], [37773, 2855, 2850, 1020, 2949, 1056, 1049, 626, 572, 1015, 1037, 2806, 1043, 2883, 2840, 37626], [38952, 2504, 2514, 961, 2602, 977, 978, 544, 496, 899, 913, 2539, 974, 2464, 2570, 39113], [40026, 2368, 2293, 858, 2265, 851, 877, 451, 487, 826, 859, 2343, 849, 2365, 2306, 39976], [41318, 2130, 1999, 726, 2121, 810, 763, 417, 400, 785, 753, 2037, 763, 2040, 1993, 40945], [42216, 1797, 1819, 694, 1783, 620, 653, 380, 361, 605, 668, 1789, 643, 1893, 1821, 42258], [43720, 1526, 1592, 561, 1482, 554, 573, 333, 307, 577, 516, 1572, 570, 1506, 1509, 43102], [44715, 1254, 1239, 499, 1309, 533, 470, 268, 241, 479, 482, 1297, 455, 1274, 1230, 44255], [45486, 1111, 1058, 388, 1053, 365, 360, 219, 200, 378, 366, 1020, 375, 1040, 1031, 45550], [46546, 789, 782, 274, 819, 277, 307, 172, 149, 260, 267, 784, 242, 815, 751, 46766], [47677, 532, 569, 228, 527, 209, 187, 123, 92, 209, 182, 546, 179, 520, 542, 47678], [48556, 292, 264, 102, 298, 129, 105, 59, 44, 63, 100, 266, 95, 254, 252, 49121], [50171, 15, 19, 18, 17, 23, 22, 27, 0, 0, 0, 0, 0, 0, 0, 49688]] 
 
