100000 ; [0.         0.03173326 0.06346652 0.09519978 0.12693304 0.1586663
 0.19039955 0.22213281 0.25386607 0.28559933 0.31733259 0.34906585
 0.38079911 0.41253237 0.44426563 0.47599889 0.50773215 0.53946541
 0.57119866 0.60293192 0.63466518 0.66639844 0.6981317  0.72986496
 0.76159822 0.79333148 0.82506474 0.856798   0.88853126 0.92026451
 0.95199777 0.98373103 1.01546429 1.04719755 1.07893081 1.11066407
 1.14239733 1.17413059 1.20586385 1.23759711 1.26933037 1.30106362
 1.33279688 1.36453014 1.3962634  1.42799666 1.45972992 1.49146318
 1.52319644 1.5549297  1.58666296 1.61839622 1.65012947 1.68186273
 1.71359599 1.74532925 1.77706251 1.80879577 1.84052903 1.87226229
 1.90399555 1.93572881 1.96746207 1.99919533 2.03092858 2.06266184
 2.0943951  2.12612836 2.15786162 2.18959488 2.22132814 2.2530614
 2.28479466 2.31652792 2.34826118 2.37999443 2.41172769 2.44346095
 2.47519421 2.50692747 2.53866073 2.57039399 2.60212725 2.63386051
 2.66559377 2.69732703 2.72906028 2.76079354 2.7925268  2.82426006
 2.85599332 2.88772658 2.91945984 2.9511931  2.98292636 3.01465962
 3.04639288 3.07812614 3.10985939 3.14159265] ; [50210, 0, 0, 0, 0, 0, 0, 0, 0, 0, 0, 0, 0, 0, 0, 49790, 49318, 260, 245, 103, 250, 91, 94, 62, 44, 76, 80, 255, 72, 249, 252, 48549, 47997, 547, 510, 198, 561, 187, 197, 115, 94, 133, 166, 528, 175, 502, 498, 47592, 46729, 781, 779, 308, 764, 299, 301, 179, 123, 306, 262, 775, 287, 734, 803, 46570, 45516, 1051, 1064, 415, 1043, 381, 366, 201, 202, 357, 397, 1087, 394, 968, 1106, 45452, 44430, 1309, 1286, 493, 1329, 487, 497, 294, 261, 427, 488, 1352, 460, 1264, 1284, 44339, 43445, 1549, 1580, 551, 1572, 570, 595, 313, 323, 593, 531, 1541, 596, 1497, 1588, 43156, 41723, 1923, 1832, 648, 1797, 626, 656, 391, 404, 687, 642, 1813, 643, 1834, 1858, 42523, 40992, 2108, 2099, 761, 2063, 744, 759, 471, 412, 752, 737, 2020, 747, 2072, 2060, 41203, 39773, 2359, 2397, 846, 2271, 862, 875, 485, 491, 800, 828, 2366, 806, 2393, 2274, 40174, 38995, 2586, 2599, 1005, 2615, 1013, 959, 574, 544, 1031, 928, 2542, 920, 2583, 2524, 38582, 37667, 2868, 2836, 1113, 2842, 1080, 1027, 587, 607, 1086, 1043, 2822, 1049, 2891, 2791, 37691, 36512, 3066, 3116, 1106, 3157, 1219, 1175, 690, 647, 1196, 1200, 3054, 1162, 3135, 3019, 36546, 35776, 3386, 3181, 1308, 3275, 1220, 1320, 740, 712, 1269, 1259, 3379, 1267, 3233, 3269, 35406, 34398, 3622, 3732, 1393, 3630, 1490, 1372, 804, 768, 1334, 1347, 3580, 1361, 3542, 3458, 34169, 33418, 3816, 3838, 1463, 3731, 1503, 1579, 877, 794, 1476, 1500, 3708, 1396, 3777, 3719, 33405, 32274, 4051, 4033, 1598, 4088, 1580, 1536, 898, 898, 1556, 1563, 3925, 1615, 4056, 3959, 32370, 31191, 4261, 4212, 1691, 4372, 1730, 1673, 936, 988, 1678, 1728, 4182, 1631, 4379, 4138, 31210, 29921, 4397, 4400, 1768, 4489, 1861, 1774, 1039, 1139, 1807, 1811, 4484, 1844, 4479, 4435, 30352, 29000, 4707, 4578, 1932, 4547, 2012, 1850, 1141, 1126, 1882, 1924, 4573, 1980, 4718, 4725, 29305, 27977, 4870, 4921, 1962, 4931, 2040, 2062, 1207, 1149, 2085, 2030, 4785, 2039, 4839, 4868, 28235, 26867, 5132, 5228, 2155, 5151, 2138, 2228, 1284, 1254, 2228, 2134, 5031, 2123, 4955, 4989, 27103, 26033, 5288, 5354, 2266, 5270, 2302, 2246, 1322, 1373, 2268, 2244, 5307, 2245, 5193, 5133, 26156, 24959, 5353, 5510, 2419, 5309, 2492, 2442, 1409, 1433, 2406, 2493, 5404, 2352, 5269, 5555, 25195, 23947, 5622, 5679, 2555, 5520, 2563, 2635, 1530, 1551, 2492, 2517, 5475, 2584, 5624, 5556, 24150, 23325, 5777, 5750, 2817, 5867, 2572, 2635, 1601, 1531, 2762, 2644, 5802, 2636, 5623, 5711, 22947, 22299, 5987, 6009, 2695, 5887, 2731, 2658, 1709, 1586, 2764, 2760, 5905, 2830, 5918, 5842, 22420, 21065, 6085, 6219, 3036, 6030, 2905, 2873, 1802, 1752, 2925, 2837, 6140, 2964, 6012, 6174, 21181, 20141, 6366, 6310, 3089, 6311, 3088, 2982, 1850, 1857, 3064, 3016, 6195, 2998, 6108, 6213, 20412, 19491, 6321, 6368, 3233, 6507, 3234, 3266, 1936, 1941, 3059, 3187, 6240, 3140, 6358, 6260, 19459, 18797, 6469, 6442, 3285, 6571, 3296, 3351, 2136, 2073, 3139, 3242, 6453, 3289, 6539, 6466, 18452, 17619, 6679, 6554, 3354, 6584, 3524, 3477, 2151, 2139, 3458, 3433, 6631, 3446, 6690, 6511, 17750, 16962, 6654, 6572, 3647, 6609, 3633, 3584, 2325, 2344, 3527, 3612, 6649, 3651, 6831, 6519, 16881, 16034, 6788, 6669, 3766, 6922, 3821, 3672, 2464, 2332, 3878, 3686, 6785, 3690, 6608, 6701, 16184, 15223, 6887, 6870, 3974, 6886, 3822, 3906, 2596, 2558, 3894, 3969, 6789, 3863, 6688, 6934, 15141, 14606, 6900, 6923, 4089, 6917, 4006, 4034, 2709, 2635, 4112, 3923, 6903, 4096, 6903, 6850, 14394, 13826, 6954, 7054, 4218, 6844, 4135, 4202, 2869, 2676, 4061, 4102, 7026, 4223, 7036, 6887, 13887, 13255, 6844, 7028, 4299, 6897, 4387, 4336, 2939, 3108, 4407, 4170, 6959, 4276, 7014, 6804, 13277, 12372, 6906, 7099, 4521, 6847, 4404, 4540, 3159, 3199, 4594, 4466, 6968, 4450, 7075, 7000, 12400, 11662, 7006, 6868, 4698, 6988, 4679, 4630, 3428, 3334, 4645, 4660, 7069, 4741, 6898, 6930, 11764, 10989, 6983, 6956, 4947, 6990, 4898, 5007, 3558, 3553, 4649, 4781, 7044, 4773, 7015, 6847, 11010, 10386, 7009, 6996, 4929, 7064, 5056, 4966, 3812, 3686, 4965, 4970, 6806, 4959, 6944, 6940, 10512, 10033, 7020, 6845, 5145, 6935, 5132, 5165, 4058, 4040, 5133, 5137, 6867, 5144, 6797, 6862, 9687, 9303, 6979, 6936, 5489, 6956, 5351, 5243, 4251, 4166, 5260, 5188, 6908, 5197, 6744, 6814, 9215, 8647, 6862, 6908, 5543, 6796, 5500, 5291, 4533, 4649, 5416, 5399, 6749, 5380, 6874, 6640, 8813, 8287, 6751, 6765, 5527, 6727, 5613, 5659, 4824, 4926, 5579, 5500, 6797, 5614, 6541, 6731, 8159, 7667, 6538, 6540, 5700, 6650, 5813, 6012, 5129, 5034, 5880, 5844, 6730, 5786, 6469, 6589, 7619, 7365, 6475, 6494, 5931, 6642, 6001, 5914, 5262, 5319, 6025, 5818, 6633, 5918, 6407, 6412, 7384, 6885, 6294, 6502, 6101, 6386, 6123, 6048, 5738, 5742, 6085, 6011, 6415, 5890, 6427, 6490, 6863, 6449, 6218, 6364, 6088, 6283, 6199, 6295, 6190, 5986, 6318, 6129, 6238, 6089, 6315, 6339, 6500, 5997, 6204, 6265, 6252, 6208, 6298, 6289, 6650, 6445, 6319, 6180, 6238, 6366, 6050, 6285, 5954, 5735, 5973, 6137, 6424, 6044, 6310, 6448, 6893, 6928, 6384, 6329, 6160, 6494, 6025, 6059, 5657, 5223, 5915, 5889, 6596, 5960, 6618, 6508, 7421, 7230, 6468, 6497, 5894, 6498, 5997, 5956, 5330, 4921, 5784, 5795, 6608, 5632, 6794, 6729, 7916, 7467, 6784, 6511, 5912, 6667, 5799, 5653, 5028, 4891, 5539, 5611, 6692, 5564, 6774, 6634, 8245, 8436, 6691, 6798, 5669, 6665, 5558, 5453, 4780, 4451, 5555, 5458, 6754, 5476, 6888, 6760, 8741, 8775, 6894, 6732, 5413, 6761, 5417, 5410, 4515, 4133, 5236, 5319, 6860, 5331, 6851, 6744, 9262, 9234, 6879, 7032, 5372, 6858, 5257, 5360, 4272, 4008, 5103, 5144, 6875, 5235, 7002, 6866, 9845, 9781, 6940, 6938, 5086, 6904, 5199, 5075, 3999, 3922, 4906, 5044, 6971, 5000, 6963, 6906, 10331, 10322, 7013, 6914, 4975, 7002, 4987, 5013, 3731, 3563, 4955, 4667, 6960, 4808, 7169, 6963, 10990, 11069, 6992, 6930, 4733, 7015, 4703, 4868, 3615, 3438, 4752, 4764, 6833, 4756, 6966, 7056, 11708, 11695, 6788, 6956, 4644, 6975, 4616, 4604, 3449, 3227, 4464, 4498, 7070, 4553, 6860, 7037, 12554, 12382, 6989, 6989, 4507, 6776, 4498, 4482, 3114, 3134, 4310, 4273, 7072, 4347, 6908, 7017, 13074, 13016, 6908, 6985, 4359, 7030, 4368, 4200, 2999, 2882, 4176, 4206, 6782, 4213, 7060, 6990, 13712, 13871, 6895, 6885, 4169, 6959, 4194, 4143, 2863, 2693, 4008, 4074, 6961, 4059, 6810, 7010, 14511, 14340, 6896, 6931, 3952, 6829, 4089, 4092, 2745, 2644, 3812, 3929, 6705, 3906, 6978, 6763, 15609, 15283, 6809, 6837, 3831, 6738, 3808, 3828, 2520, 2456, 3773, 3853, 6633, 3741, 6801, 6695, 16113, 16133, 6692, 6803, 3689, 6804, 3688, 3698, 2428, 2387, 3593, 3571, 6608, 3566, 6549, 6803, 16980, 16881, 6636, 6706, 3664, 6698, 3531, 3555, 2272, 2252, 3357, 3434, 6671, 3500, 6433, 6584, 17763, 17790, 6582, 6454, 3553, 6568, 3436, 3450, 2173, 2111, 3241, 3260, 6548, 3367, 6557, 6381, 18695, 18514, 6374, 6469, 3359, 6495, 3167, 3324, 2138, 1977, 3088, 3268, 6402, 3087, 6332, 6338, 19637, 19587, 6276, 6419, 3177, 6317, 3027, 3140, 1928, 1888, 3034, 2977, 6176, 2985, 6349, 6449, 20534, 20145, 6269, 6226, 2914, 6190, 2990, 3028, 1846, 1888, 3008, 2873, 6079, 2879, 6072, 5999, 21387, 21331, 5945, 6111, 2802, 6131, 2914, 2887, 1694, 1661, 2704, 2780, 6102, 2687, 5900, 5933, 22159, 22499, 5930, 5917, 2776, 5845, 2732, 2727, 1648, 1580, 2671, 2686, 5851, 2689, 5784, 5765, 23315, 23119, 5771, 5826, 2594, 5658, 2557, 2628, 1506, 1527, 2534, 2530, 5727, 2612, 5653, 5597, 24226, 24113, 5470, 5619, 2464, 5420, 2430, 2546, 1532, 1427, 2346, 2354, 5407, 2456, 5556, 5411, 25062, 25245, 5382, 5426, 2318, 5601, 2336, 2308, 1365, 1414, 2311, 2236, 5326, 2193, 5239, 5197, 26192, 26235, 5286, 5339, 2195, 5115, 2180, 2252, 1290, 1274, 2205, 2162, 5055, 2123, 5080, 5107, 27062, 27185, 5088, 5062, 2106, 4932, 2194, 2124, 1241, 1216, 2088, 1999, 4759, 2051, 4914, 4794, 28103, 28309, 4828, 4789, 2033, 4826, 1992, 2130, 1169, 1076, 1916, 1920, 4540, 1880, 4647, 4667, 29276, 29343, 4577, 4667, 1913, 4694, 1909, 1865, 1110, 1025, 1899, 1842, 4432, 1752, 4368, 4408, 30547, 30100, 4456, 4449, 1711, 4384, 1733, 1841, 1053, 967, 1706, 1713, 4248, 1730, 4335, 4206, 31519, 30975, 4172, 4298, 1699, 4164, 1673, 1664, 931, 940, 1606, 1595, 3945, 1579, 3899, 3943, 32164, 32557, 4066, 4062, 1611, 3994, 1565, 1526, 948, 850, 1420, 1484, 3828, 1466, 3849, 3797, 33214, 33472, 3795, 3662, 1541, 3879, 1452, 1480, 811, 809, 1400, 1365, 3531, 1414, 3492, 3529, 34703, 34466, 3515, 3553, 1417, 3425, 1286, 1332, 763, 739, 1299, 1262, 3222, 1241, 3299, 3253, 35520, 35763, 3258, 3406, 1223, 3222, 1269, 1249, 775, 706, 1135, 1229, 3067, 1147, 3135, 3127, 36963, 36306, 3036, 3006, 1169, 2958, 1198, 1192, 626, 614, 1121, 1037, 2898, 1070, 2802, 2844, 37606, 37657, 2789, 2903, 1058, 2822, 1099, 1091, 589, 572, 1009, 994, 2577, 975, 2630, 2536, 38880, 38803, 2545, 2550, 948, 2568, 935, 948, 530, 490, 944, 880, 2319, 882, 2296, 2269, 40180, 39728, 2403, 2269, 851, 2273, 840, 895, 481, 487, 786, 763, 2022, 777, 2117, 2158, 41141, 40800, 2010, 2122, 764, 2088, 783, 745, 437, 378, 737, 707, 1762, 718, 1836, 1763, 42218, 42071, 1898, 1787, 643, 1815, 648, 645, 374, 347, 594, 575, 1611, 559, 1565, 1565, 43420, 43108, 1530, 1570, 591, 1570, 566, 543, 286, 270, 489, 508, 1376, 477, 1327, 1306, 44279, 44444, 1246, 1360, 454, 1250, 480, 456, 278, 228, 394, 404, 1052, 432, 1061, 1022, 45416, 45553, 1062, 982, 362, 1079, 383, 394, 176, 161, 298, 331, 829, 301, 805, 777, 46843, 46376, 762, 757, 276, 806, 280, 245, 153, 112, 188, 218, 544, 194, 528, 544, 47771, 47694, 553, 494, 166, 543, 168, 177, 106, 42, 119, 101, 261, 110, 273, 267, 48793, 48978, 232, 257, 96, 272, 78, 76, 45, 21, 28, 31, 15, 22, 24, 28, 49752, 50079, 0, 0, 0, 0, 0, 0, 0]
