10000 ; [0.         0.06346652 0.12693304 0.19039955 0.25386607 0.31733259
 0.38079911 0.44426563 0.50773215 0.57119866 0.63466518 0.6981317
 0.76159822 0.82506474 0.88853126 0.95199777 1.01546429 1.07893081
 1.14239733 1.20586385 1.26933037 1.33279688 1.3962634  1.45972992
 1.52319644 1.58666296 1.65012947 1.71359599 1.77706251 1.84052903
 1.90399555 1.96746207 2.03092858 2.0943951  2.15786162 2.22132814
 2.28479466 2.34826118 2.41172769 2.47519421 2.53866073 2.60212725
 2.66559377 2.72906028 2.7925268  2.85599332 2.91945984 2.98292636
 3.04639288 3.10985939 3.17332591 3.23679243 3.30025895 3.36372547
 3.42719199 3.4906585  3.55412502 3.61759154 3.68105806 3.74452458
 3.8079911  3.87145761 3.93492413 3.99839065 4.06185717 4.12532369
 4.1887902  4.25225672 4.31572324 4.37918976 4.44265628 4.5061228
 4.56958931 4.63305583 4.69652235 4.75998887 4.82345539 4.88692191
 4.95038842 5.01385494 5.07732146 5.14078798 5.2042545  5.26772102
 5.33118753 5.39465405 5.45812057 5.52158709 5.58505361 5.64852012
 5.71198664 5.77545316 5.83891968 5.9023862  5.96585272 6.02931923
 6.09278575 6.15625227 6.21971879 6.28318531] ; [[4950, 0, 0, 0, 0, 0, 0, 5050], [4803, 100, 70, 31, 32, 55, 72, 4837], [4730, 144, 140, 73, 57, 138, 127, 4591], [4454, 225, 209, 81, 94, 216, 209, 4512], [4339, 308, 291, 119, 105, 305, 265, 4268], [4149, 378, 302, 159, 160, 347, 375, 4130], [3886, 383, 479, 188, 186, 407, 433, 4038], [3811, 471, 499, 211, 208, 451, 483, 3866], [3642, 527, 570, 242, 233, 532, 565, 3689], [3433, 623, 645, 296, 262, 622, 595, 3524], [3297, 708, 701, 326, 300, 662, 678, 3328], [3133, 752, 755, 365, 375, 741, 747, 3132], [3036, 807, 818, 403, 353, 793, 803, 2987], [2799, 843, 857, 460, 467, 849, 889, 2836], [2636, 903, 972, 504, 485, 923, 968, 2609], [2562, 957, 975, 501, 517, 972, 1029, 2487], [2417, 1024, 1002, 605, 580, 981, 1048, 2343], [2190, 1039, 1082, 664, 664, 1067, 1089, 2205], [2064, 1072, 1139, 698, 738, 1116, 1141, 2032], [1973, 1150, 1145, 806, 794, 1176, 1046, 1910], [1774, 1242, 1152, 864, 817, 1194, 1156, 1801], [1756, 1224, 1177, 888, 913, 1180, 1178, 1684], [1570, 1216, 1224, 973, 997, 1221, 1190, 1609], [1346, 1250, 1274, 1034, 1121, 1295, 1212, 1468], [1304, 1235, 1254, 1234, 1138, 1266, 1237, 1332], [1255, 1207, 1238, 1280, 1255, 1324, 1202, 1239], [1114, 1253, 1228, 1390, 1376, 1219, 1262, 1158], [1010, 1271, 1209, 1438, 1532, 1235, 1240, 1065], [941, 1299, 1224, 1599, 1564, 1179, 1214, 980], [850, 1217, 1223, 1718, 1804, 1144, 1161, 883], [819, 1167, 1163, 1838, 1870, 1154, 1172, 817], [745, 1105, 1151, 2009, 2013, 1069, 1142, 766], [676, 1088, 1055, 2173, 2110, 1101, 1125, 672], [647, 985, 1053, 2228, 2275, 1124, 1059, 629], [595, 1032, 1002, 2392, 2424, 975, 1027, 553], [510, 975, 939, 2529, 2549, 1025, 939, 534], [485, 876, 845, 2739, 2821, 892, 896, 446], [376, 827, 844, 2875, 2943, 844, 845, 446], [363, 776, 808, 3069, 3007, 788, 818, 371], [317, 747, 739, 3137, 3242, 720, 770, 328], [294, 660, 705, 3372, 3368, 649, 658, 294], [268, 576, 612, 3550, 3544, 594, 587, 269], [252, 498, 501, 3716, 3696, 541, 584, 212], [218, 443, 494, 3874, 3841, 464, 470, 196], [163, 420, 405, 4030, 4012, 413, 419, 138], [134, 299, 335, 4284, 4155, 319, 340, 134], [119, 260, 269, 4404, 4365, 239, 242, 102], [76, 160, 187, 4617, 4536, 176, 174, 74], [38, 95, 102, 4783, 4759, 87, 103, 33], [13, 41, 46, 4879, 4952, 35, 27, 7], [14, 42, 41, 4844, 4961, 47, 34, 17], [46, 99, 118, 4775, 4718, 108, 101, 35], [71, 202, 198, 4569, 4554, 157, 180, 69], [127, 208, 297, 4377, 4422, 220, 242, 107], [123, 318, 317, 4335, 4206, 285, 291, 125], [152, 383, 398, 4075, 4036, 375, 412, 169], [179, 431, 470, 3953, 3848, 460, 441, 218], [234, 557, 558, 3665, 3712, 499, 533, 242], [275, 596, 584, 3499, 3556, 613, 616, 261], [323, 672, 645, 3362, 3367, 641, 652, 338], [329, 702, 715, 3257, 3207, 737, 709, 344], [384, 779, 813, 2964, 3140, 767, 766, 387], [410, 853, 833, 2884, 2917, 831, 854, 418], [487, 908, 917, 2685, 2771, 878, 887, 467], [543, 961, 911, 2700, 2557, 944, 906, 478], [545, 1012, 1064, 2424, 2411, 944, 1029, 571], [636, 1041, 1117, 2195, 2277, 1055, 1072, 607], [693, 1074, 1156, 2107, 2134, 1056, 1082, 698], [691, 1122, 1089, 2048, 2017, 1178, 1129, 726], [757, 1159, 1178, 1904, 1876, 1207, 1148, 771], [880, 1141, 1239, 1757, 1773, 1191, 1157, 862], [951, 1227, 1173, 1673, 1627, 1167, 1244, 938], [1055, 1260, 1234, 1519, 1430, 1244, 1238, 1020], [1145, 1285, 1185, 1398, 1432, 1231, 1277, 1047], [1252, 1159, 1227, 1211, 1317, 1254, 1290, 1290], [1286, 1295, 1233, 1127, 1218, 1251, 1265, 1325], [1466, 1254, 1213, 1096, 1058, 1211, 1230, 1472], [1535, 1255, 1263, 1002, 979, 1198, 1250, 1518], [1679, 1146, 1190, 913, 911, 1225, 1248, 1688], [1812, 1162, 1230, 783, 836, 1126, 1257, 1794], [1984, 1162, 1150, 751, 719, 1103, 1156, 1975], [2099, 1171, 1085, 730, 707, 1102, 1073, 2033], [2219, 1080, 1077, 641, 663, 1119, 1016, 2185], [2397, 960, 1009, 587, 642, 1044, 1024, 2337], [2574, 1000, 937, 524, 535, 981, 959, 2490], [2684, 901, 922, 487, 476, 951, 916, 2663], [2851, 836, 897, 460, 471, 844, 888, 2753], [2951, 819, 779, 401, 396, 832, 779, 3043], [3128, 714, 749, 431, 360, 758, 733, 3127], [3204, 721, 685, 351, 299, 696, 633, 3411], [3417, 594, 627, 292, 306, 614, 628, 3522], [3655, 537, 516, 252, 238, 578, 561, 3663], [3820, 451, 543, 229, 185, 498, 501, 3773], [3984, 405, 429, 194, 174, 420, 433, 3961], [4161, 349, 362, 148, 140, 327, 332, 4181], [4292, 296, 295, 126, 106, 292, 264, 4329], [4515, 212, 215, 86, 101, 195, 201, 4475], [4656, 150, 119, 63, 72, 141, 134, 4665], [4805, 73, 85, 20, 23, 65, 61, 4868], [4981, 2, 1, 7, 0, 0, 0, 5009]] 
 

