1000 ; 
 [[125, 0, 124, 0, 131, 0, 120, 0, 0, 131, 0, 121, 0, 132, 0, 116], [118, 0, 135, 0, 132, 0, 131, 0, 0, 130, 0, 120, 0, 121, 0, 113], [135, 0, 128, 0, 111, 0, 118, 0, 0, 130, 0, 137, 0, 114, 0, 127], [136, 0, 124, 0, 110, 0, 126, 0, 0, 121, 0, 124, 0, 121, 0, 138], [128, 0, 115, 0, 138, 0, 140, 0, 0, 134, 0, 126, 0, 110, 0, 109], [124, 0, 129, 0, 124, 0, 110, 0, 0, 132, 0, 122, 0, 137, 0, 122], [132, 0, 117, 0, 122, 0, 135, 0, 0, 125, 0, 121, 0, 128, 0, 120], [123, 0, 125, 0, 136, 0, 132, 0, 0, 107, 0, 130, 0, 126, 0, 121], [132, 0, 126, 0, 130, 0, 124, 0, 0, 125, 0, 112, 0, 119, 0, 132], [124, 0, 113, 0, 137, 0, 122, 0, 0, 134, 0, 141, 0, 114, 0, 115], [138, 0, 127, 0, 121, 0, 115, 0, 0, 108, 0, 124, 0, 139, 0, 128], [122, 0, 153, 0, 105, 0, 136, 0, 0, 120, 0, 132, 0, 108, 0, 124], [130, 0, 136, 0, 119, 0, 112, 0, 0, 133, 0, 120, 0, 131, 0, 119], [125, 0, 127, 0, 101, 0, 125, 0, 0, 118, 0, 133, 0, 134, 0, 137], [115, 0, 129, 0, 130, 0, 125, 0, 0, 123, 0, 115, 0, 135, 0, 128], [110, 0, 129, 0, 122, 0, 130, 0, 0, 117, 0, 126, 0, 133, 0, 133], [147, 0, 127, 0, 99, 0, 120, 0, 0, 118, 0, 140, 0, 129, 0, 120], [121, 0, 124, 0, 128, 0, 126, 0, 0, 106, 0, 138, 0, 116, 0, 141], [118, 0, 126, 0, 119, 0, 135, 0, 0, 115, 0, 124, 0, 137, 0, 126], [128, 0, 122, 0, 136, 0, 112, 0, 0, 123, 0, 135, 0, 110, 0, 134]]  
 ; [0.         0.33069396 0.66138793 0.99208189 1.32277585 1.65346982
 1.98416378 2.31485774 2.64555171 2.97624567 3.30693964 3.6376336
 3.96832756 4.29902153 4.62971549 4.96040945 5.29110342 5.62179738
 5.95249134 6.28318531] 
 

1000 ; 
 [[129, 0, 114, 0, 111, 0, 120, 0, 0, 123, 0, 137, 0, 130, 0, 136], [123, 0, 153, 0, 128, 0, 130, 0, 0, 110, 0, 113, 0, 131, 0, 112], [134, 0, 123, 0, 127, 0, 118, 0, 0, 119, 0, 129, 0, 125, 0, 125], [129, 0, 116, 0, 123, 0, 124, 0, 0, 106, 0, 141, 0, 131, 0, 130], [137, 0, 120, 0, 121, 0, 137, 0, 0, 127, 0, 125, 0, 122, 0, 111], [135, 0, 122, 0, 131, 0, 132, 0, 0, 119, 0, 127, 0, 122, 0, 112], [126, 0, 117, 0, 126, 0, 130, 0, 0, 123, 0, 130, 0, 133, 0, 115], [122, 0, 121, 0, 117, 0, 140, 0, 0, 138, 0, 123, 0, 117, 0, 122], [136, 0, 120, 0, 131, 0, 132, 0, 0, 121, 0, 123, 0, 113, 0, 124], [134, 0, 109, 0, 124, 0, 120, 0, 0, 147, 0, 122, 0, 124, 0, 120], [133, 0, 115, 0, 118, 0, 110, 0, 0, 139, 0, 118, 0, 137, 0, 130], [121, 0, 129, 0, 136, 0, 128, 0, 0, 132, 0, 112, 0, 122, 0, 120], [116, 0, 133, 0, 130, 0, 111, 0, 0, 143, 0, 119, 0, 124, 0, 124], [131, 0, 129, 0, 111, 0, 135, 0, 0, 109, 0, 128, 0, 126, 0, 131], [126, 0, 126, 0, 127, 0, 132, 0, 0, 131, 0, 109, 0, 126, 0, 123], [128, 0, 117, 0, 130, 0, 126, 0, 0, 124, 0, 135, 0, 142, 0, 98], [123, 0, 158, 0, 113, 0, 115, 0, 0, 122, 0, 116, 0, 128, 0, 125], [133, 0, 133, 0, 102, 0, 134, 0, 0, 118, 0, 128, 0, 127, 0, 125], [126, 0, 125, 0, 154, 0, 129, 0, 0, 128, 0, 108, 0, 117, 0, 113], [112, 0, 120, 0, 122, 0, 139, 0, 0, 132, 0, 132, 0, 119, 0, 124]]  
 ; [0.         0.33069396 0.66138793 0.99208189 1.32277585 1.65346982
 1.98416378 2.31485774 2.64555171 2.97624567 3.30693964 3.6376336
 3.96832756 4.29902153 4.62971549 4.96040945 5.29110342 5.62179738
 5.95249134 6.28318531] 
 

